245.000	19551.8019
277.000	19060.0407
307.000	16454.5424
334.000	16101.2058
343.000	17050.3459
352.000	17577.1674
359.000	16610.6633
364.000	19064.3195
393.000	17296.8331
499.000	19085.3422
517.000	17634.6787
584.000	17345.0996
588.000	18747.1655
590.000	19077.4767
629.000	18712.2778
646.000	18976.6412
670.000	14435.5815
686.000	19480.3790
699.000	17558.1560
738.000	17523.2606
742.000	17209.8076
743.000	13041.5032
747.000	18092.9945
757.000	14649.9733
759.000	19617.6694
766.000	18667.7181
781.000	17941.7816
784.000	11304.0079
800.000	19511.6877
804.000	17983.1000
855.000	19304.7333
879.000	15204.9370
891.000	15426.7503
898.000	18610.2544
900.000	16130.1499
903.000	17415.7737
907.000	18204.0276
912.000	19392.9557
946.000	13870.1918
987.000	18940.4924
1007.000	19947.4576
1011.000	17848.7860
1014.000	19893.7793
1047.000	19218.7082
1050.000	16974.2261
1092.000	15143.1527
1098.000	19571.9495
1115.000	15494.4452
1144.000	18809.6219
1172.000	19824.1980
1214.000	19041.2465
1226.000	17552.4125
1244.000	15992.9505
1246.000	16006.7127
1250.000	13954.6447
1254.000	17475.2364
1273.000	18763.7312
1282.000	19425.0011
1329.000	16159.4179
1334.000	18047.5692
1376.000	17256.7105
1385.000	19570.4493
1392.000	19666.9227
1436.000	15740.1465
1438.000	19438.0425
1442.000	18693.9565
1446.000	11594.0416
1514.000	12770.1915
1515.000	17400.0164
1526.000	19324.3525
1542.000	16690.5309
1561.000	18470.7178
1578.000	13369.6950
1644.000	15783.8179
1651.000	19310.4744
1666.000	16547.6097
1690.000	19177.1013
1766.000	17834.6497
1782.000	18448.6606
1797.000	16148.6452
1803.000	19910.1311
1903.000	19984.7854
1919.000	19322.3164
1925.000	17723.3756
1955.000	18384.5887
1961.000	18580.0060
1997.000	19104.3875
2000.000	16742.4073
2013.000	19350.3111
2016.000	17964.5130
2023.000	18813.6309
2039.000	16573.6878
2040.000	 6391.3150
2053.000	16407.3036
2054.000	17796.6569
2073.000	14973.6690
2076.000	18330.1455
2096.000	15678.7700
2162.000	17255.3411
2168.000	17411.3375
2199.000	18791.9642
2268.000	19946.6690
2278.000	18576.9683
2282.000	18580.7480
2334.000	19736.9266
2350.000	16371.5882
2357.000	15903.6995
2395.000	14958.8229
2399.000	12973.7364
2421.000	17595.8410
2464.000	19155.4603
2493.000	18043.8362
2526.000	17962.8346
2532.000	19398.7141
2537.000	12527.0963
2541.000	18587.0186
2577.000	15767.2089
2583.000	19887.5746
2588.000	19082.9358
2589.000	19768.4482
2613.000	17921.5622
2615.000	18618.3834
2630.000	10865.3118
2652.000	16184.8961
2667.000	19959.8426
2697.000	17939.5773
2707.000	16917.0489
2711.000	19904.5959
2749.000	19397.6223
2767.000	18509.5926
2785.000	15848.3762
2810.000	19685.4419
2852.000	17583.1805
2884.000	19219.7525
2893.000	18113.7048
2904.000	18769.4527
2911.000	19449.3957
2938.000	18924.4850
2952.000	19872.7438
2953.000	19923.3621
2961.000	18809.6165
2994.000	19854.3820
3002.000	15425.7343
3017.000	19518.2950
3018.000	16736.4470
3061.000	18394.8647
3106.000	19491.0408
3117.000	10294.9620
3123.000	18068.8997
3145.000	19942.2474
3190.000	18043.7320
3191.000	19675.9415
3193.000	18388.3016
3213.000	17909.9431
3226.000	16356.4913
3249.000	16905.0774
3250.000	18293.4485
3263.000	18485.5852
3311.000	17746.9858
3320.000	17953.9465
3358.000	18600.4506
3370.000	19234.5359
3376.000	18828.3723
3387.000	18882.0812
3390.000	18943.1151
3393.000	19089.3783
3400.000	15754.6571
3417.000	19715.4926
3425.000	19678.6314
3438.000	14773.9980
3441.000	17539.1416
3478.000	17661.4784
3489.000	17526.3690
3496.000	19578.3557
3503.000	15435.1803
3504.000	17670.7537
3513.000	17632.1937
3518.000	19951.3575
3546.000	18630.3971
3568.000	19543.6862
3571.000	19078.4331
3591.000	18370.5326
3625.000	19833.1489
3644.000	11559.5340
3669.000	17118.2568
3684.000	16471.4841
3701.000	17127.5755
3713.000	19808.0403
3745.000	19207.2936
3754.000	18203.9444
3826.000	14410.9996
3855.000	17959.8565
3856.000	17644.5692
3895.000	18333.7905
3899.000	16903.6639
3953.000	15660.1140
3965.000	19938.2257
3978.000	17353.3996
3993.000	13427.2923
4017.000	19506.5019
4024.000	18713.2111
4040.000	12526.4518
4060.000	18092.9110
4067.000	18667.6900
4072.000	15701.3505
4087.000	18150.2279
4094.000	19456.4672
4114.000	19769.6702
4117.000	19811.4193
4158.000	17370.8398
4167.000	13910.5428
4189.000	17329.4737
4200.000	19822.5532
4220.000	19672.4176
4234.000	14427.0931
4262.000	19708.2049
4276.000	19850.5168
4284.000	14391.1675
4288.000	19091.3911
4318.000	19527.4321
4329.000	18438.9265
4332.000	19765.0580
4359.000	15469.7876
4371.000	18824.7270
4375.000	17388.1234
4382.000	18704.3882
4383.000	17353.2184
4386.000	18248.9234
4399.000	17610.8630
4413.000	19981.9740
4423.000	15021.2585
4439.000	17150.5971
4448.000	13617.3946
4467.000	16348.6154
4468.000	19748.3493
4502.000	19878.8384
4521.000	18729.6977
4553.000	19252.7982
4559.000	18376.9860
4560.000	17853.7676
4571.000	19281.8214
4573.000	15150.2049
4584.000	14037.9379
4609.000	19620.3225
4617.000	19871.8450
4620.000	14506.3643
4625.000	17316.3021
4682.000	19712.9707
4703.000	17335.2791
4721.000	18797.7940
4722.000	19607.0382
4729.000	18442.0153
4757.000	16626.2515
4758.000	19362.1779
4798.000	14867.8528
4844.000	19577.6123
4854.000	18309.2307
4875.000	18244.7525
4907.000	18237.0469
4909.000	17222.3960
4914.000	 9005.3956
4938.000	17062.8481
4960.000	17328.9981
4984.000	19270.8199
4989.000	18537.2718
5012.000	19523.8331
5072.000	17801.4071
5075.000	18333.5357
5078.000	16570.9725
5085.000	15893.7124
5103.000	18415.0028
5109.000	18373.0853
5129.000	19243.7983
5148.000	15813.4477
5165.000	18696.3006
5174.000	19966.5241
5222.000	18996.2864
5276.000	18247.8321
5294.000	19965.1069
5307.000	15474.2637
5314.000	10985.6090
5362.000	17138.2081
5369.000	13086.4203
5412.000	17106.0520
5418.000	19493.4425
5419.000	19933.3780
5522.000	16969.2521
5539.000	18850.9927
5649.000	16684.1841
5661.000	19359.2621
5698.000	18028.2704
5715.000	11249.5081
5719.000	19496.8562
5746.000	14203.0748
5760.000	19468.4250
5766.000	17703.3661
5799.000	18376.3102
5807.000	18056.2584
5858.000	17307.2285
5861.000	19977.7255
5871.000	18409.0717
5882.000	19964.9940
5915.000	19689.9364
5923.000	17150.1332
5924.000	16560.8678
5934.000	13845.7047
5945.000	19875.3175
5955.000	16799.6217
5992.000	19673.9504
6026.000	18856.3083
6053.000	19815.4033
6067.000	18114.9183
6076.000	19220.0363
6117.000	18406.2742
6127.000	16434.0155
6178.000	18857.9277
6196.000	17679.5908
6211.000	17838.4369
6289.000	19244.2422
6291.000	19874.2808
6316.000	19640.3975
6352.000	18904.7848
6353.000	15918.2780
6374.000	18645.5839
6377.000	16060.6500
6380.000	19263.0004
6389.000	16335.3940
6460.000	19849.4383
6474.000	15858.8917
6492.000	19927.2461
6550.000	18283.1178
6594.000	19907.6170
6611.000	18031.1418
6633.000	17620.9492
6639.000	19035.3926
6715.000	17033.7201
6740.000	18904.4473
6743.000	18150.3299
6754.000	18982.5275
6763.000	19577.4166
6782.000	19217.0982
6793.000	18646.5529
6810.000	17259.4026
6849.000	18136.1703
6953.000	12218.1873
6964.000	19852.2961
6980.000	18370.3563
6982.000	18224.1336
7010.000	19390.5205
7011.000	14183.8283
7023.000	14837.7445
7069.000	15446.7669
7081.000	19516.5552
7102.000	19716.8636
7115.000	19453.1482
7123.000	17355.0299
7170.000	15667.1369
7183.000	17925.1858
7203.000	14927.2949
7227.000	18816.7874
7242.000	19673.7123
7252.000	16509.6694
7288.000	14949.7708
7348.000	19574.8437
7365.000	19337.1935
7375.000	17829.0178
7394.000	16860.1277
7415.000	18385.0570
7426.000	17496.0984
7432.000	17150.7440
7457.000	18726.0030
7473.000	18111.5994
7474.000	19545.1640
7538.000	19348.0808
7558.000	19161.8698
7568.000	17923.9402
7632.000	17483.9142
7670.000	17593.4044
7674.000	 4038.7195
7685.000	19882.8952
7704.000	18757.2751
7729.000	19046.7205
7735.000	19169.9721
7737.000	19887.1478
7746.000	19101.6451
7752.000	18352.2456
7768.000	16211.1631
7782.000	18183.5596
7791.000	19140.5498
7800.000	15478.2273
7857.000	19456.5490
7941.000	19585.1249
7946.000	18328.6196
7961.000	19503.3780
7966.000	11930.8456
7980.000	19210.8311
7992.000	19784.9545
8002.000	19656.3415
8009.000	19735.9080
8032.000	19330.4702
8045.000	15705.7447
8060.000	19915.6776
8063.000	19885.6272
8083.000	13945.3868
8088.000	19420.2945
8092.000	18723.0079
8114.000	13988.2507
8128.000	18600.2392
8134.000	18527.9475
8135.000	16298.2130
8214.000	19751.9250
8218.000	15382.8651
8251.000	18951.9929
8254.000	16509.2529
8255.000	19395.4853
8256.000	19770.2731
8269.000	17344.2207
8270.000	19413.9704
8286.000	19875.6850
8288.000	18545.8084
8309.000	17557.7022
8331.000	18246.9651
8368.000	18369.9155
8388.000	19064.5405
8406.000	19233.0173
8418.000	14202.7544
8423.000	18547.4317
8446.000	19490.4933
8465.000	19549.9512
8480.000	18550.1918
8493.000	18450.3759
8585.000	16715.7775
8588.000	16642.0823
8609.000	19597.5260
8634.000	19755.9632
8667.000	19735.3191
8668.000	19909.2902
8692.000	18339.1984
8696.000	18286.1654
8718.000	17631.9297
8719.000	15525.4430
8721.000	19719.1898
8732.000	19979.1593
8733.000	18628.8446
8752.000	19188.9085
8759.000	18451.6722
8762.000	19160.9393
8770.000	19352.9840
8827.000	17569.5220
8832.000	18043.5421
8845.000	16006.3148
8848.000	19936.4024
8869.000	19517.0365
8923.000	18562.9841
8929.000	19067.4749
8971.000	18976.6969
9056.000	19826.0754
9084.000	19110.4103
9131.000	19118.0485
9136.000	 4017.8686
9138.000	19336.9859
9140.000	19830.0381
9156.000	18624.5603
9210.000	18033.5317
9211.000	 8716.3581
9220.000	16458.4375
9261.000	17831.1910
9268.000	17815.1941
9271.000	18816.8181
9272.000	16298.2780
9283.000	17526.8122
9300.000	19529.3489
9303.000	15032.3465
9309.000	19372.3220
9356.000	19837.9521
9409.000	19018.7830
9412.000	15745.2079
9463.000	18474.3949
9479.000	17802.6156
9484.000	16891.1548
9490.000	18487.2501
9491.000	19085.9918
